ADBE,ABNB,ALGN,AMZN,AMGN,AEP,ADI,ANSS,AAPL,AMAT,ASML,TEAM,ADSK,ATVI,ADP,AZN,AVGO,BIDU,BIIB,BMRN,BKNG,CDNS,CHTR,CPRT,CRWD,CTAS,CSCO,CMCSA,COST,CSX,CTSH,DDOG,DOCU,DXCM,DLTR,EA,EBAY,EXC,FAST,META,FISV,FTNT,GILD,GOOG,GOOGL,HON,ILMN,INTC,INTU,ISRG,MRVL,IDXX,JD,KDP,KLAC,KHC,LRCX,LCID,LULU,MELI,MAR,MTCH,MCHP,MDLZ,MRNA,MNST,MSFT,MU,NFLX,NTES,NVDA,NXPI,OKTA,ODFL,ORLY,PCAR,PANW,PAYX,PDD,PYPL,PEP,QCOM,REGN,ROST,SIRI,SGEN,SPLK,SWKS,SBUX,SNPS,TSLA,TXN,TMUS,VRSN,VRSK,VRTX,WBA,WDAY,XEL,ZM,ZS
0.0,0.7474623084741548,0.08936558702238895,0.7407057347476544,0.8204666690662729,0.8105221173349945,0.7764798988409316,0.5804438985086574,0.871025046240569,0.8067331512699656,0.005214692501000996,0.5362740390606853,0.21035579469874538,0.793446875243801,0.8172753170486546,0.7753009324158114,0.7931113723430345,0.7603705268684857,0.5207147728490102,0.7714780161861646,0.08518626269930679,0.8649819657212046,0.16945401556571588,0.7113868398870239,0.5743502286764098,0.767747149416612,0.7933463849920888,0.7622374168942367,0.9901372106194382,0.7949459921496409,0.8193866590005683,0.8537234811799215,0.3331913835548229,0.3033563698452427,0.8673931281998305,0.7519453400576738,0.7577784427647973,0.8078936496024629,0.7872505014069202,0.3960973483339185,0.7598576014023035,0.5732086737268568,0.7622528569873055,0.0937582697919696,0.1458752132970113,0.6852089752994093,0.5220418058090148,0.7892220221243544,0.7554529422568503,0.710162871064474,0.8062229185408629,0.14304989011981295,0.7558301366364089,0.7920003262470696,0.49202709223359536,0.7880970039469543,0.3002573487784597,0.7858305779202877,0.2055985849977684,0.7216862981567154,0.8056576188200582,0.6633744859263271,0.7902020861547641,0.7834634837252661,0.039734503107626,0.7510297427487815,0.8799894022163024,0.8155869025582814,0.38791005994435657,0.7955557670936593,0.9123058227484395,0.7635951488456189,0.6508706143002025,0.8729635275976525,0.916900489943036,0.783463742056493,0.982685473116738,0.8334175201396359,0.643299143935276,0.7010866181279959,0.8030084120907742,0.8457587503760713,0.9147452575477643,0.7067036722616415,0.779612441294478,0.6933902345150944,0.7455319488722515,0.7561876502297518,0.7158012014540724,0.931847921560903,0.541155398392117,0.7831216725603178,0.7633233559394463,0.8160514752789758,0.7444417173794693,0.8562978413284655,0.7853171667307857,0.7920587068345079,0.7932523011343671,0.7598347569725841,0.6846986242114492
0.7474623084741548,0.0,0.6458343619509912,0.15708471711635946,0.27676217802869085,0.26415990369183184,0.19253358593296438,0.09918803196891751,0.6187674881858247,0.5641359809983446,0.4956680895580059,0.7567974449759542,0.4500775231173819,0.18277548986153824,0.5420995098695969,0.20469042314205838,0.8191880147409514,0.4165074309072351,0.5083410004529813,0.07997655574002155,0.09548428295838246,0.3339567628811655,0.6670227714705279,0.33710655310791937,0.43925203226707804,0.6154161994628413,0.2292206333201961,0.14702150592080343,0.9495763028441401,0.17076746356796457,0.15505054858406742,0.8568680815506302,0.7960771144813998,0.6303862905382898,0.5243457819628521,0.0957460015556364,0.17286027469389936,0.2267098525487694,0.1973635445007637,0.7994433422691064,0.09186623702800756,0.6951555038160198,0.12991077989808686,0.16449613339602165,0.24272540041762997,0.2520340581258662,0.5736554948317014,0.10455508329911528,0.6824661092592053,0.7297482792663199,0.49680576555949724,0.6224094943259657,0.0038352288733680385,0.1799130450887415,0.4593518469675718,0.18381265920194573,0.20725984920873497,0.052948259590630174,0.5983287243617933,0.7602620912507645,0.3388680191889213,0.2245591197969009,0.09592230595148321,0.21129402824388493,0.5328499922701647,0.1262179725138945,0.6233333578088076,0.13627873441241717,0.7514589039521826,0.05712411239025619,0.8023981752728985,0.4093633839272559,0.2345443080174192,0.7140657096956926,0.7924071673162539,0.09014855467687183,0.9319784878192207,0.4999793162793818,0.1988136712993293,0.9389984167525354,0.39936762263816017,0.33175966042530514,0.6906096780663019,0.11647528361982057,0.13030401019046783,0.025744814459636046,0.03660257293327825,0.39243403778718955,0.16109773796003946,0.698690857477036,0.4538806241673554,0.17683996702297905,0.2828330008233461,0.40206219188331943,0.13251244734543283,0.2767757254111873,0.15369038186993372,0.021543587058877333,0.19802124958073075,0.9557112817264619,0.6794082475857057
0.08936558702238895,0.6458343619509912,0.0,0.5552729459011577,0.7385595268464793,0.719764650206688,0.6732408954920029,0.48870986569236424,0.8102526203363437,0.7423174397645141,0.10001778201446221,0.7058606777734726,0.2532019125851037,0.6871449348215202,0.7519608655497019,0.6787329710872358,0.9635952996889879,0.6093062677912734,0.21938430940099357,0.6727695176196854,0.22571450257349135,0.7630252711791718,0.0032343552833330254,0.5723984398993549,0.24411145328874867,0.7129314735952043,0.6990121664583251,0.6420922222801533,0.9751660052125677,0.7012859392109821,0.7408254653419891,0.7973238551216377,0.03390926285845649,0.742799427684797,0.8337483540492978,0.6168680083681943,0.6214169600134052,0.7234409203864498,0.683061264287119,0.006090316039865168,0.6340094143118326,0.9097931223738212,0.6441315327109716,0.12318537562077303,0.14611461311884,0.5150780084911146,0.15265176985637596,0.6812841680561499,0.6830256621008545,0.684841219793993,0.7444078816205554,0.11097064065631979,0.6410047663119373,0.6950752375718916,0.7715634077941244,0.6864882111630035,0.26087443365915963,0.7017795010141555,0.16681595073415156,0.6144129152819287,0.779510511062887,0.4615069951974809,0.6941105875692903,0.687545456207582,0.00611739072748816,0.6216047765319501,0.7972845784936717,0.7415971108582078,0.07889699757250263,0.6808843775804394,0.8708855417009909,0.6959486076975341,0.302285961976101,0.8888981130285204,0.9359575285689087,0.6917497739916394,0.9776257912588179,0.7688085125021881,0.4482615576872433,0.19656058309705338,0.7291860209478741,0.7717989909372673,0.8464928016616557,0.5485302640344975,0.6725004755391661,0.5342245439331514,0.47064402479668155,0.583742822550071,0.5650659860344072,0.8613631720139394,0.6385677476206417,0.6576823492565947,0.6528917502689023,0.6909679449383289,0.6131128705453475,0.7233094501841271,0.6850882858585161,0.6499725189315931,0.6916441321315131,0.4798846416482857,0.6134694675493785
0.7407057347476544,0.15708471711635946,0.5552729459011577,0.0,0.5461252875753276,0.6632749707332862,0.019085930232182764,0.21489601659428026,0.9603481817320211,0.017165884311275453,0.2686722453745859,0.6434205616016104,0.5328587813183367,0.5611469135591889,0.645651799369623,0.21091598053056487,0.78388863022156,0.5859261797431937,0.41509268429659807,0.20385675317586577,0.09227034047756372,0.6392776370357779,0.670439320428539,0.28678629097887554,0.3688279291280777,0.5810947761726473,0.3590308419494709,0.11036367460303609,0.9712015634809917,0.45767080096094537,0.7948212867556136,0.7480204979048104,0.857202154198893,0.5753675965028975,0.9325642298103579,0.03213012990646016,0.010812261061985639,0.6815137644571477,0.2625255436894901,0.9105207448829133,0.24918114878193004,0.6330700320156256,0.06027308142104504,0.17168864823164814,0.20372762942222156,0.1133632270847379,0.4731314670475896,0.34258317854260933,0.5892240143003818,0.6190587620008172,0.7251289765509109,0.5159073133446256,0.2551850237914038,0.42974510707850005,0.22058657374130475,0.3663495984223216,0.05394205087412221,0.1365255396400547,0.6596351433924775,0.7693423872322784,0.49285250465836894,0.2551686357656797,0.17211337489667766,0.3726325033978536,0.501632592453059,0.06281494234314611,0.5502695156853709,0.5035071084993948,0.8742469908602666,0.4672775630298553,0.715857485836206,0.008730341360638922,0.44501714699773237,0.5500485069378493,0.7202305298079497,0.326286993166509,0.8601574915732161,0.8448813909325804,0.507644579540038,0.9854385619939839,0.7620174021044719,0.7885625576755757,0.6594369744827389,0.0699795298992798,0.2956173020910601,0.032174061473870204,0.2644017188290482,0.19727113348444808,0.0017431545273260665,0.6637191451033437,0.45850796357141144,0.0010681576644503438,0.39195230513151574,0.6847549754935738,0.43801278712060326,0.7975153906254929,0.24022913542446056,0.11616428996559025,0.41561565264544026,0.9143505373418122,0.6484854660389436
0.8204666690662729,0.27676217802869085,0.7385595268464793,0.5461252875753276,0.0,0.45915006495326444,0.5829378495506703,0.4861645594439932,0.7402057835197009,0.27797448512151424,0.42307499450298536,0.7434709386573405,0.8098979366057033,0.024698262765868607,0.7206631719033754,0.5298480844277768,0.6868363326994854,0.5127787628108667,0.6198204232179597,0.4502926875379243,0.10548075318229488,0.6718022177540764,0.8392684481769552,0.773318839439839,0.6223990083270994,0.7150239309549271,0.5342876000112852,0.43350087009155486,0.8858017765900412,0.4572571728751553,0.5423979867406997,0.7102676820337304,0.9116019331665315,0.6772831693439276,0.7164195775250943,0.20044612728435662,0.5741819052048242,0.5371932716646592,0.5479963131117354,0.9468887743222382,0.21894279294787156,0.5618918803222773,0.532151008814673,0.20317954450725956,0.23486421908451266,0.7021166636143196,0.6210722046480003,0.2588967371760118,0.5988374824614717,0.7208153666509536,0.6738377224588262,0.65284977837469,0.40019443565407536,0.42689610820538737,0.41172210321466707,0.33899085281220925,0.14397895426859036,0.43382269745069557,0.7882777988861944,0.7820682608374397,0.41882348374171374,0.7318157661517977,0.5218853475488954,0.4651166419486437,0.5709325799921087,0.4428290503194463,0.6507740444062763,0.24233452174099268,0.8956381922363472,0.1579429524782464,0.6237685193680075,0.3172439347259481,0.5472116478768648,0.5886219605397932,0.6643520310665523,0.2962035335148149,0.7672533122568989,0.7208938391077676,0.6348785541046035,0.9874988570639098,0.7391556475469307,0.585770467654185,0.6812453277553912,0.4985743279277938,0.38971340231711676,0.4367862194689178,0.38578360079470053,0.40426528046314797,0.679456555462775,0.6206883762535733,0.4869904990343121,0.5519477826376644,0.20604229318812883,0.6287424815300422,0.7121835348247454,0.2772467661310177,0.3268295735254656,0.45010580901381814,0.3725128954986558,0.9432053927965114,0.5995103767030228
0.8105221173349945,0.26415990369183184,0.719764650206688,0.6632749707332862,0.45915006495326444,0.0,0.24993982777380513,0.36658918634787063,0.5703686162273925,0.033780244587943264,0.34506429520265847,0.7007856954843311,0.8873233227792535,0.6730853633616135,0.540467630677146,0.37283562837780954,0.556475334829669,0.6727077190659521,0.6943529610905883,0.3471208074352369,0.0926347908113121,0.46703266597198234,0.8477149572095259,0.8656479827233416,0.6355658123491776,0.6018533408221571,0.275381464824211,0.9818830699398816,0.9048132146202946,0.332425050329726,0.2060151116752088,0.5956148643399053,0.9391569514457953,0.6163196233622754,0.6801722278481441,0.3213349941880554,0.7189111988742829,0.3365904488768144,0.6835919843230622,0.9560968836905613,0.8829592939958093,0.48307274553694707,0.9553539796127026,0.17979431824613556,0.20894411057776513,0.9816778121153559,0.6846853451184554,0.8973404820426667,0.6402497654393542,0.62139702223626,0.5137698172169689,0.611767533882841,0.6134462907043778,0.3369085597023712,0.2136768446106459,0.5679433863025991,0.10527354856216226,0.20922068205517386,0.7821087375360886,0.7855422496920283,0.17647050815397675,0.9293421483710363,0.3675651474749283,0.09678082330843774,0.5886863287462517,0.9911560111270915,0.4668105841814913,0.2357856680495558,0.9166108077205634,0.4614095128524476,0.5667164116782673,0.03920906699574908,0.7064375767652825,0.3929057961837892,0.55695863983268,0.6011259130362597,0.704642722965407,0.5563651213760128,0.8239533210216669,0.9957752871384046,0.7608059291596156,0.41711490351213454,0.5508348986996771,0.9913546947822768,0.6283956689118503,0.4671350853107383,0.45590741264465523,0.8439523741308125,0.9948305607909611,0.5220716217810177,0.433201061761582,0.3284426857124101,0.6545655258199218,0.4742209692229401,0.6427070316622566,0.3771220674510635,0.5854535272004087,0.22222591950009662,0.6802753280919843,0.9510893039207314,0.5806227577142441
0.7764798988409316,0.19253358593296438,0.6732408954920029,0.019085930232182764,0.5829378495506703,0.24993982777380513,0.0,0.016996830041944622,0.8117322639709426,0.01834255496486666,0.32613395349243757,0.6644747747672999,0.7015284173428639,0.4901869933495679,0.5017808742307591,0.06853459779136188,0.7860287705646529,0.6293171856315588,0.5572208015687822,0.039869864027016665,0.0864313868801449,0.47599185312475684,0.7284203563302771,0.08676396201804726,0.4308374864712007,0.48669817820434225,0.06386898693214854,0.12166168715936326,0.9708356332424694,0.11668810598950585,0.3334658186578645,0.6052136361293741,0.8672875434896211,0.600283612205005,0.7959066418000065,0.09706918914957463,0.005073424685915399,0.14903666654651598,0.019487754939670848,0.9107213509525101,0.30252754620890115,0.43617313873111574,0.036290844913246995,0.13338736903835535,0.21053536606348927,0.3056629334264179,0.5731640994353172,0.4073255949875367,0.5238108503269217,0.5924200328556902,0.4327373128742354,0.5814165132810221,0.150554119890282,0.13290337131265867,0.2507024390595444,0.20624894079487166,0.10750561745440701,0.016095558266597743,0.6850779648042153,0.7753218191417622,0.27212031143889787,0.5754349368778691,0.26092350646706286,0.08634238524133425,0.5151479736323693,0.09907334924564065,0.5494552015393708,0.6035270411844458,0.8683642075721993,0.3895869543971615,0.5600904099753564,0.04074496305383428,0.46433465566718424,0.5813643462521287,0.7288145558939692,0.30026595378267507,0.8238228121716448,0.507393644397784,0.545437238175856,0.9819448547354934,0.25425214919139216,0.6092530526036127,0.6332020292145026,0.5160035910388203,0.09232054543559887,0.03071223646460509,0.16163937131375267,0.753201940547698,0.16749593286690778,0.5278580759219107,0.4427435806988438,0.27184873908593576,0.3394787596047162,0.1736526103141131,0.02928292120083415,0.5684952825310312,0.2752131033801663,0.04382109628371032,0.15584271710625924,0.9206014708954918,0.5699274818090228
0.5804438985086574,0.09918803196891751,0.48870986569236424,0.21489601659428026,0.4861645594439932,0.36658918634787063,0.016996830041944622,0.0,0.6104909073883398,0.17817736501998988,0.19540768865551916,0.5769895569732328,0.1750242430194749,0.47503904759109195,0.33819321478388376,0.2636241186944642,0.9219642004653129,0.5769515363591763,0.3338888816831932,0.2299887174566539,0.09063550647179536,0.35054542160790814,0.6050977282545719,0.2708892975706871,0.2855470767526016,0.15363146269403227,0.26674308362729665,0.25746203117595556,0.9837546987410168,0.28595189315265424,0.42757690405204507,0.6596788556185692,0.7702307442296653,0.5291460827474855,0.584761113317048,0.24523862016265352,0.2524686483046391,0.32919153748096763,0.23103900818835588,0.5838803913920683,0.3000498663603165,0.6000759200914573,0.17061903207917134,0.11242974430430447,0.1812654047523004,0.07161524931430971,0.49432528035245155,0.30412457215109634,0.45454235033160784,0.6085057692569646,0.4553812513915084,0.5086075864666285,0.03212049682631071,0.2979104241580698,0.18391660443115748,0.3105231666051049,0.021225750516128593,0.2084512274424491,0.5185091895695222,0.7849972261542866,0.022490495535951498,0.2442962310022886,0.03857252973042955,0.294508519894312,0.4421523867301886,0.20960146117359874,0.44720533759426073,0.06981460326049502,0.7598817225477893,0.3243439105524084,0.5519089679944321,0.12887700218967735,0.26579612528408886,0.5275012385652893,0.7356868982806166,0.2774485541423691,0.9095364819565546,0.43385457377796915,0.5564307055026396,0.93362599694479,0.375931360023648,0.09927079163367847,0.6310927717046984,0.04753186284505121,0.2568597856921172,0.06870131366492878,0.3050013885222839,0.29318820918677796,0.01876450588094057,0.8564525680638895,0.43333734042980115,0.2301397901393442,0.11253904212645932,0.37821885852381026,0.21613953216549192,0.6790726269491836,0.25313642133579384,0.0861981100403813,0.31072582074659605,0.9265749621906311,0.663851559408255
0.871025046240569,0.6187674881858247,0.8102526203363437,0.9603481817320211,0.7402057835197009,0.5703686162273925,0.8117322639709426,0.6104909073883398,0.0,0.16423070893013597,0.36256336241418796,0.7097096078017815,0.9491286871354926,0.7763620123682555,0.3519928911758964,0.6419345698711705,0.49157929003509115,0.7815859669243819,0.7863834775471614,0.6370491715092881,0.09868662691329644,0.34841280131737906,0.8679307948455113,0.9233739524328424,0.7847678847856037,0.5236714443432724,0.5841098164707522,0.8179746637995293,0.9195288817262499,0.652321979949725,0.48662357326457456,0.3766232273179933,0.9480097668093056,0.6172798474434453,0.36375620517892804,0.7697651173895725,0.8112215903399494,0.5279169184362665,0.6476248367741613,0.9802562671398702,0.8546604816802441,0.36400640839402754,0.7769239346393497,0.16529320907874678,0.1935048127358051,0.9567550934364145,0.8242203806120986,0.7843519104889551,0.58659061818071,0.65174255211422,0.29137817934181454,0.6714572298349105,0.8008691130469142,0.6675242672073146,0.07159974269341678,0.6649723949925124,0.15261311545590994,0.3626524840434746,0.8303695946377762,0.8067010928938849,0.3547702318672488,0.9558773115598656,0.8236111574500666,0.6334750817078348,0.6272717613228099,0.8849667454252421,0.2800987304373868,0.7784078881642262,0.9523717403219998,0.8160038685020454,0.4570260536630205,0.31985422510369094,0.8534338932162876,0.273091212916764,0.4857037062675474,0.6799900671466621,0.6626239988317807,0.24902018371765783,0.8545327139743977,0.9969361586688139,0.06389627062633578,0.12660507370655832,0.4576459190144209,0.931575372907138,0.6888824121913589,0.605692972082545,0.5712262811000473,0.9489420931367987,0.9593592852123313,0.3802902890686989,0.4030430646595266,0.8407377338575985,0.7722338649507821,0.45912173076012075,0.21482657620914508,0.3128113353696911,0.7728532958253995,0.46674285785641656,0.6420875910047574,0.9779974075886303,0.6739753403888923
0.8067331512699656,0.5641359809983446,0.7423174397645141,0.017165884311275453,0.27797448512151424,0.033780244587943264,0.01834255496486666,0.17817736501998988,0.16423070893013597,0.0,0.45363864997117476,0.7165955573201919,0.5962090850607062,0.279003084117185,0.06419465325309878,0.01913372947709292,0.8163788750050396,0.5747744000810705,0.5971865969558176,0.00724551080837683,0.08393088521308112,0.10050859043004556,0.72930800192666,0.017504554864862642,0.49923316718018784,0.4647577896863505,0.0066357694542993105,0.04339183561723752,0.9715548301734372,0.023210028982740195,0.029523484224935434,0.5222728385147278,0.8920004359303347,0.6556713063416706,0.23467767911420062,0.08843439286345045,0.029518879689473088,0.014471910014580106,0.006161014993897165,0.9283266061058664,0.08950969107805784,0.6339923486406431,0.02481249448303399,0.15176640501973077,0.2349287968261099,0.16921704687560574,0.7064879198568258,0.11244797615865676,0.6214485152168245,0.549213585636919,0.02206591953046737,0.6450497493323399,0.09470521098654955,0.025562472787182024,0.41334113496365815,0.04288462612882334,0.15104844894560931,0.023118057417935954,0.6772845039173205,0.7815108998897883,0.0987961346100944,0.35607693574086496,0.02173180770006515,0.007379321410183369,0.5609538798926594,0.022525522127053624,0.5366508319979515,0.11069562800204802,0.9076993275083022,0.20616209591688178,0.6574590968940333,0.00971559513056165,0.6562527237442994,0.6918018096547883,0.7872850050053231,0.10247334096894384,0.835790434575185,0.015181381789700379,0.3266822323125089,0.9854526581031116,0.001417068475330722,0.09372102208393995,0.6617628252778676,0.13989100789521114,0.02453180336871779,0.03854928766052022,0.08358031983888098,0.6525746588835857,0.05483662442107914,0.6163244489851741,0.45923213779565836,0.09756587868518551,0.11422810197136785,2.2259008833238894e-05,0.0031857888694865172,0.11782460811158346,0.0731925889917788,0.11739329740146937,0.022747236271176516,0.9441557411390394,0.6755073064896213
0.005214692501000996,0.4956680895580059,0.10001778201446221,0.2686722453745859,0.42307499450298536,0.34506429520265847,0.32613395349243757,0.19540768865551916,0.36256336241418796,0.45363864997117476,0.0,0.09563022205392568,0.1569832959509131,0.3633150849445032,0.3085712982024107,0.32497265753762716,0.8399060465704707,0.4452191759613314,0.3074804613817225,0.3007347996325408,0.10188646490600145,0.3033383471527162,0.059337824632039425,0.29769868910335295,0.2877514336522955,0.17912728295383606,0.33469988327143285,0.3123499495318349,0.6922504282595641,0.33871651482070897,0.3401704339806467,0.2830633362270921,0.25250569632114006,0.022180761781776397,0.424282161284408,0.30063360083486884,0.314458362215001,0.34423958127283605,0.320260747701815,0.1261137469193122,0.3180428649756319,0.4817551807919228,0.3243964367997888,0.16834838546336128,0.2601478914754559,0.2585445191593656,0.4621456094717209,0.3632588776163171,0.08905226632342161,0.12293963918490503,0.336165777049651,0.159188809354392,0.3107669388069255,0.3382839923905324,0.5747480592444354,0.3442771726736824,0.571851531735444,0.3591020412349314,0.06632935220939984,0.6811093374560047,0.3761565753564885,0.24796343106470659,0.3433060110142876,0.3273608281291822,0.024122469250381688,0.2928089812714312,0.3313643954411899,0.3982346582759373,0.11316388168487285,0.38022666233237246,0.44570175240043425,0.39801518864322316,0.2673113041549412,0.42678252363797614,0.6629886954853685,0.3618389132604851,0.785654098364505,0.34117478994249983,0.25330656836817667,0.40362415230092896,0.3027510690581152,0.34759860126360403,0.31937415646677525,0.2759963130535602,0.3259615255958188,0.21393571427143232,0.24075752517821747,0.3722405631905692,0.2706032592275723,0.2959764741087513,0.47505160308608974,0.34966917790279406,0.3114255664998793,0.26540563949025175,0.19114422870368225,0.39402057025900183,0.360816767033565,0.28123711597235324,0.33126244236473196,0.4210142366922829,0.22649094076510262
0.5362740390606853,0.7567974449759542,0.7058606777734726,0.6434205616016104,0.7434709386573405,0.7007856954843311,0.6644747747672999,0.5769895569732328,0.7097096078017815,0.7165955573201919,0.09563022205392568,0.0,0.5971909700555279,0.7156756541569258,0.6639975921618558,0.676199452938723,0.8253128129640266,0.7180476129927522,0.6637915018725553,0.6570425271389357,0.16245904970266872,0.6848077605585343,0.5406830289032427,0.5942836761037904,0.6329349815577996,0.4445100356463019,0.6879821450361027,0.6736484002363345,0.9300550229157561,0.6903329486015676,0.692599991371844,0.6834642469441228,0.7468239582267472,0.0590713473599157,0.7502186375885452,0.6622243511977419,0.6656612007208151,0.6944029226182244,0.6786201043229684,0.6913895406161832,0.6812927789427128,0.7150479603266973,0.6723863704921558,0.08433702259122422,0.1469076770056591,0.6351588607446774,0.735272172553827,0.705263730947162,0.182866076180622,0.4836140281591377,0.6783305671629795,0.5463611185872934,0.6581038061550304,0.6905628173494139,0.5455224191408842,0.6938488351734092,0.4016611894423738,0.6848010136452017,0.24715336591119086,0.7679550539115705,0.6859238796688784,0.6319449686244862,0.6858576226856565,0.6806313077301169,0.3189082746225249,0.6618549669135583,0.634891921964647,0.7271466887424527,0.649711474158679,0.7124358457141104,0.6205664390154318,0.6751010702694442,0.681825185585551,0.622334591717984,0.7001788919628745,0.6916513110245526,0.9347436877616242,0.6990584149915611,0.6103962810053782,0.8390801962014334,0.6521837636488377,0.679604664879938,0.487266828373737,0.6545322310911317,0.6793458898161527,0.5509129767659837,0.5875093892586973,0.7070933918743023,0.6425706809602533,0.6333150858905179,0.311357830104875,0.6845195236312364,0.6908648230062336,0.6767697815304856,0.5259747930885729,0.7186983906948894,0.700586267006916,0.6659410663908862,0.6906007248533776,0.8476548426067269,0.22003127621957014
0.21035579469874538,0.4500775231173819,0.2532019125851037,0.5328587813183367,0.8098979366057033,0.8873233227792535,0.7015284173428639,0.1750242430194749,0.9491286871354926,0.5962090850607062,0.1569832959509131,0.5971909700555279,0.0,0.8277932296892718,0.8671043706353128,0.787859459434511,0.9403853153573526,0.6044266407375052,0.0961792502552381,0.8018890261972765,0.2031052175850418,0.9329812616499956,0.3507208095672312,0.6914114353035443,0.06229762361604328,0.7763010091307526,0.8275495843898011,0.7255652880703093,0.9877196228100179,0.8507462506350503,0.9209146244036437,0.8937494873613772,0.5007980675326599,0.5716660570600642,0.9627172967332772,0.6948980996891302,0.6155091112850993,0.8798557052814828,0.822821865855969,0.2281459156275792,0.6869077589189164,0.7706892143483517,0.6915765298956882,0.10903927485855913,0.1908359184739477,0.295104786171414,0.0785051295486117,0.7619790890574155,0.40221208173660694,0.7645268736724564,0.8883205651930278,0.3798933136839813,0.6742473550950843,0.8322468216207228,0.38006380555547087,0.8129879222020634,0.03834376245790044,0.7412009239529294,0.4698637883507798,0.7215196323291073,0.8432341054042034,0.1416643779143552,0.7955462777126203,0.8207288219850412,0.24831731289900155,0.6805884059095388,0.7961361946925856,0.8402312386940014,0.6315409086113006,0.5687896017179646,0.6938981467334684,0.3495279010830098,0.03022831965443987,0.8049116575176221,0.869481040872379,0.7758884468352144,0.8763932394185447,0.923756609125121,0.41109814658273436,0.5413176909314756,0.9026526935448369,0.9346990993347584,0.7918463743923722,0.4224210223874166,0.8012987036378352,0.41783833540019266,0.7003654591585202,0.2159647721331565,0.462790369521418,0.9118248933579279,0.5107201442695588,0.6136687675476344,0.7712171967331822,0.8731047859988121,0.8272865205114277,0.955370101669884,0.7525161150735289,0.4181610601507216,0.8399505164603713,0.9127380148233833,0.591352838044366
0.793446875243801,0.18277548986153824,0.6871449348215202,0.5611469135591889,0.024698262765868607,0.6730853633616135,0.4901869933495679,0.47503904759109195,0.7763620123682555,0.279003084117185,0.3633150849445032,0.7156756541569258,0.8277932296892718,0.0,0.6662726685458912,0.5693207497519447,0.6713224449364776,0.5142763271321358,0.5186891293773043,0.551679630731119,0.09755380654933088,0.4955875756057059,0.7933147078696126,0.7968511546473779,0.5852916992043031,0.6727842765883991,0.5916433556151384,0.4647097731189036,0.9201670150644662,0.6203491920299656,0.7435679472657976,0.7088429655029396,0.9160743358422105,0.6471548123097659,0.8293563857686754,0.3724621190863144,0.5813051899386235,0.715225309730762,0.6630451620141973,0.7724299359946165,0.2582021474023529,0.5436766819590507,0.48575216198317517,0.19029024050663657,0.22128099005197455,0.5983208216626275,0.5337332322198899,0.2178366122678907,0.5904381699176167,0.6814217692453832,0.688444108868515,0.6057273172022184,0.4167172351828685,0.5710285797447986,0.34496331918736556,0.4359845364825522,0.1380806500339692,0.3951590598778401,0.7730155032035217,0.7760855119162726,0.4630233460016746,0.749369416294785,0.4970360617390779,0.6088143193487895,0.5685875039578359,0.5656308757799062,0.5246393083351955,0.2962827458535232,0.8810448726424687,0.1163661904755815,0.5975718598636139,0.25943481445426975,0.39136896826269213,0.5172365175128179,0.6348223650687104,0.3038802565013642,0.7791305365067085,0.7465446347146713,0.7168301376129981,0.9944011899411038,0.7998990908370759,0.611571146250675,0.6382078699710594,0.5135179586178704,0.5577384579913697,0.4278674036961112,0.39544511673830424,0.2615357778480072,0.7384270910103707,0.6632820318779067,0.48006213111265783,0.5397651051703003,0.23527178219538808,0.586343906590043,0.7606298585725109,0.505908496900024,0.2794299137956022,0.36898033534949676,0.5758504826736418,0.9846840402999566,0.6494661874336968
0.8172753170486546,0.5420995098695969,0.7519608655497019,0.645651799369623,0.7206631719033754,0.540467630677146,0.5017808742307591,0.33819321478388376,0.3519928911758964,0.06419465325309878,0.3085712982024107,0.6639975921618558,0.8671043706353128,0.6662726685458912,0.0,0.5210826778477418,0.589089150845273,0.7159664403466872,0.7361192884472306,0.45350036883897943,0.08244503241273954,0.18450379339218342,0.8320881007824941,0.5454827841781131,0.6437104787556813,0.22018118122685743,0.5554314318783504,0.65108916058997,0.945781972209694,0.5383960780516487,0.4557056885514377,0.3521888851836137,0.932054890688138,0.5782670790763881,0.5913762663333578,0.5586930963454507,0.6427852587651514,0.5104361762320859,0.4233408300538466,0.9611484659077917,0.6956641901916512,0.5577937802786943,0.6407808069675835,0.13305279437058953,0.19733794130785098,0.8723403609992295,0.7759475114832615,0.7125111350447955,0.645159143527061,0.4508663507212125,0.2800220711690832,0.6160551235317413,0.5895767337125029,0.5604758905873345,0.08092014104715062,0.607674984393277,0.0637285085317979,0.40503382036315627,0.737453534201163,0.792284965536169,0.3785959644570115,0.838134619048237,0.5819499870671112,0.5244787753387194,0.5663577871800959,0.6943070095575343,0.21931735702722932,0.6404810213011745,0.9611608114035529,0.6693006536322401,0.5405216755132967,0.43652047071796346,0.6114148884771876,0.2715747338454282,0.5890562610570041,0.6762460413575555,0.8128813543415156,0.4288681296295972,0.7265445216437283,0.9916654212067524,0.22919934184949864,0.28980765187807894,0.49955671491252723,0.8154427976945003,0.547920374754768,0.3818632318791217,0.39844381068406254,0.8427076608551274,0.806492175584836,0.3376165321383112,0.39309476954266775,0.6126735465650668,0.6393027659129251,0.08039999386279284,0.09461740146315573,0.43159709598107476,0.6822856787037053,0.15921413265044349,0.5351784933224506,0.9635511204597742,0.43268640003537945
0.7753009324158114,0.20469042314205838,0.6787329710872358,0.21091598053056487,0.5298480844277768,0.37283562837780954,0.06853459779136188,0.2636241186944642,0.6419345698711705,0.01913372947709292,0.32497265753762716,0.676199452938723,0.787859459434511,0.5693207497519447,0.5210826778477418,0.0,0.6013757818656853,0.6472855684516768,0.6414020590127332,0.05718481476103327,0.08960716180767886,0.4886360722870104,0.7997992077446602,0.688680098182632,0.5323088691557907,0.544898919529431,0.06790481990484921,0.6202302721379253,0.9273322527801452,0.1689947366607789,0.36464029012059956,0.5861242580412441,0.9207656396748612,0.5977896993966001,0.8071706561508192,0.07586691714991532,0.1585562701759759,0.4946053450207558,0.14658276207969917,0.9715934643009725,0.6050758569922292,0.49364998658644066,0.34706689996999157,0.18108584066043493,0.21069328085813016,0.8900065512455079,0.6437540548908728,0.7053997695834124,0.6171827396697251,0.5824795149592032,0.5050577605246972,0.5763090506967289,0.37109923916577914,0.16800424454928004,0.2030301645099178,0.44645533985907243,0.09725272903657772,0.12883523385832674,0.7259698574933945,0.7765518235940202,0.15574319679747656,0.806571120601335,0.28051363032529575,0.08027533541669907,0.5518033006098022,0.5652819977909618,0.38930875107441965,0.45771894566898597,0.8947526295255688,0.35317226438678073,0.5434454242075666,0.024618657729927794,0.6936470866588922,0.4423077007712254,0.6114052554444522,0.43066866678004156,0.734966689456547,0.6472652805984037,0.7303814389487921,0.9932199208267869,0.7218570856600964,0.3916676380306868,0.5797192780453932,0.9584647180378592,0.21127760221888575,0.1915975980686952,0.3141227740649008,0.7148728006195567,0.8954795270141516,0.5503522254629091,0.43099869416118125,0.0942488243952953,0.4284372371257861,0.31313845783920136,0.3985056388287712,0.5708034337346037,0.36754021696609485,0.15062796053734073,0.2132706172830165,0.9808412460528366,0.5540897734896436
0.7931113723430345,0.8191880147409514,0.9635952996889879,0.78388863022156,0.6868363326994854,0.556475334829669,0.7860287705646529,0.9219642004653129,0.49157929003509115,0.8163788750050396,0.8399060465704707,0.8253128129640266,0.9403853153573526,0.6713224449364776,0.589089150845273,0.6013757818656853,0.0,0.7885391531766033,0.8333898107218276,0.5810265129024639,0.18796556366686945,0.6091395281463373,0.892098027367491,0.7501605564503335,0.8929813394246398,0.670608110711032,0.6087398286145139,0.6630667426631676,0.3229010607670625,0.5858640206200232,0.5357838156763552,0.322475955826078,0.9085441915618511,0.758938471817951,0.36059780900185745,0.6762597888332951,0.7061276812133778,0.5472758402162483,0.6015967046576396,0.9792691128407632,0.7033796368233878,0.46099198984798434,0.6508205443640523,0.13761770987004374,0.19945127482947006,0.810405759450546,0.9230084296221681,0.6871294774376749,0.799272907989846,0.7865921508090004,0.5876852151641772,0.8816461025100232,0.6714210928462756,0.5884548954455864,0.15657887371871188,0.6124969945043396,0.8705028053807033,0.6351513818378172,0.8662850342499533,0.8791874018411872,0.6254279496058488,0.8540388559313623,0.715984027476993,0.5841209632871641,0.7741446986133884,0.6974966369237536,0.6653574417564014,0.6688363958619448,0.9918781486155221,0.7593934264913123,0.1737397405216397,0.9076686661395026,0.9094156852060329,0.40885967252961114,0.20470220563225416,0.6484301760198204,0.15987746974547018,0.5445656340449357,0.8152395222855879,0.9611217275641271,0.4649218488639901,0.5149889277743146,0.3085191816887647,0.7836901960594361,0.5944149005270092,0.6720285593257971,0.6273506956402815,0.9081341146179266,0.7698507641858328,0.554319317363237,0.3144854930189793,0.7968865830433534,0.6933841553663733,0.5715203421660345,0.46179515145005484,0.3767897059792375,0.6572594356243117,0.7405163834679216,0.5804572011010187,0.9751426226433986,0.7964059263328518
0.7603705268684857,0.4165074309072351,0.6093062677912734,0.5859261797431937,0.5127787628108667,0.6727077190659521,0.6293171856315588,0.5769515363591763,0.7815859669243819,0.5747744000810705,0.4452191759613314,0.7180476129927522,0.6044266407375052,0.5142763271321358,0.7159664403466872,0.6472855684516768,0.7885391531766033,0.0,0.39748689627090034,0.6292415210335939,0.26335887537741987,0.7372279415951146,0.6952068429771665,0.6923092881586264,0.6093794042167663,0.7266185744686109,0.6537297837289028,0.5901000219329764,0.9230377007193928,0.6516166174109512,0.6973470559588545,0.7641939946128407,0.7754101362920358,0.6920906459184348,0.7650386185663031,0.5923942112039584,0.6084480774915941,0.681626848334506,0.6577722637081234,0.7212796565863704,0.5091294712469715,0.7222336689302729,0.5943336953628402,0.19040054304070197,0.2648112580163835,0.547002366936286,0.49335919310954585,0.5490813822920636,0.665647582175843,0.7501450705042301,0.7136631549545466,0.653849415268466,0.5760435812217206,0.6411583424424645,0.4999298324843516,0.613185898475021,0.21963687957865974,0.5798209886680921,0.7268700865666604,0.7033937157271892,0.6516043928118935,0.6130243210778152,0.6207659419721618,0.6486698907470516,0.5406932933917179,0.581516997453131,0.7084791365892207,0.5852754464650111,0.7820124438399715,0.573168120329471,0.7422926086001099,0.538502238937256,0.4313949600068209,0.7164767355573793,0.7720693235091342,0.5459426176264849,0.8732621512514194,0.7368175714643797,0.014408764089627128,0.8533171475102983,0.7373677683432516,0.7266118884182979,0.7657551337543677,0.4835334261871481,0.6216713135089557,0.5626031422504676,0.5625821176446181,0.4257418441085171,0.5661452482469854,0.7662755770685235,0.5584234536772873,0.5889800611502367,0.59883211454911,0.7203240884909492,0.7261187325252151,0.7082593343706509,0.567778780977979,0.6222032534672202,0.6434613880111366,0.9473434836739402,0.7344488552464871
0.5207147728490102,0.5083410004529813,0.21938430940099357,0.41509268429659807,0.6198204232179597,0.6943529610905883,0.5572208015687822,0.3338888816831932,0.7863834775471614,0.5971865969558176,0.3074804613817225,0.6637915018725553,0.0961792502552381,0.5186891293773043,0.7361192884472306,0.6414020590127332,0.8333898107218276,0.39748689627090034,0.0,0.6070203630527577,0.2399062277077761,0.7046829551905238,0.11206035983123475,0.3139280465568052,0.07818106708237496,0.6579246771185978,0.6657483222067558,0.5504071161437266,0.9493587016349903,0.6644068437270136,0.7123456819694458,0.7700203413552817,0.17829361887304307,0.6410911653494318,0.8321027797339933,0.47949551472973845,0.5673170759561256,0.7091043723439248,0.655892054437143,0.21363231331805843,0.4868687344732464,0.7792480580847083,0.6098730426300425,0.18086195424103585,0.2693658065173317,0.302128647422342,0.0036008119431229116,0.5877929189479492,0.6795495617107679,0.6239847318024632,0.7125430312488832,0.3290864445859819,0.5040609616988495,0.6585285270419564,0.5787457686492431,0.6336725767023017,0.1129885500815897,0.6686467586253126,0.4670999069588534,0.6555511269542651,0.7050327710378343,0.05911758940863913,0.6081840939550612,0.6465062843537012,0.30263738312967575,0.5069871941661989,0.7495950452239609,0.40640293751766526,0.542781817178082,0.4871953293895868,0.7901404184315788,0.3292355703685152,0.0918601002641668,0.6655711448465179,0.8718025976555812,0.6171831751330776,0.890681602525512,0.7575498078845297,0.18534986874720427,0.06475911601258466,0.7342151526144846,0.71065415118739,0.8190202617514737,0.34661357357901923,0.6285955939197622,0.32657239005719074,0.2720279352829633,0.08861786403892663,0.43054375063638095,0.7353509398770265,0.5716141418419599,0.2778736126739819,0.3978486548385657,0.6255524755172097,0.6189682785849232,0.7700172773603395,0.636345668068607,0.4952589662105361,0.647285145179745,0.5292566486819583,0.6415331519564257
0.7714780161861646,0.07997655574002155,0.6727695176196854,0.20385675317586577,0.4502926875379243,0.3471208074352369,0.039869864027016665,0.2299887174566539,0.6370491715092881,0.00724551080837683,0.3007347996325408,0.6570425271389357,0.8018890261972765,0.551679630731119,0.45350036883897943,0.05718481476103327,0.5810265129024639,0.6292415210335939,0.6070203630527577,0.0,0.09363294608212541,0.41946230048054645,0.7906314938014616,0.5973262627935925,0.5553458377202328,0.5278241119485728,0.03149488134176743,0.16214789518236145,0.9295816686562861,0.03379271578956331,0.2283139775854543,0.5768550101593012,0.9163586967517818,0.5949859173073468,0.7644894758108585,0.036085564087200775,0.09635023242613061,0.1336728190732645,0.04440433150779143,0.9072615274787885,0.28811239375048747,0.4170254792772163,0.012587105536043803,0.12614179951614568,0.20211059073173676,0.6273883931878917,0.6250703937279818,0.18251262899283094,0.5783119225162118,0.5877209412308154,0.6245957489171832,0.5680326554904299,0.16639156221657964,0.04387320123401232,0.14945362897978492,0.13715886553857504,0.07340966591506493,0.0024158742771496315,0.721340935660927,0.77882854839731,0.13247405478223873,0.7494306875549019,0.0031220473286622994,0.034795140093427566,0.5344595666678171,0.2147605483395636,0.21898526668605012,0.02979078747575425,0.8910732355949208,0.3459427240758889,0.6017038611992788,0.013123337895573876,0.5519266496666081,0.3658135908840935,0.5806297366167276,0.011733714420935768,0.7505259390032819,0.5777605351748355,0.7596380785082996,0.9850934007053838,0.5868852564460588,0.2963964084664897,0.5791980485831565,0.8116964257269186,0.029262258305444305,0.29606573439233386,0.3526054761603887,0.5242511183205842,0.5438997824060621,0.5182167557929022,0.42988685902779267,0.07524897616884636,0.5380955290954392,0.3751158036291601,0.4711453040510829,0.5357050492336164,0.010810885512495705,0.09574610455212901,0.16664287792574906,0.9718009195985332,0.5990025987236548
