ADBE,ABNB,ALGN,AMZN,AMGN,AEP,ADI,ANSS,AAPL,AMAT,ASML,TEAM,ADSK,ATVI,ADP,AZN,AVGO,BIDU,BIIB,BMRN,BKNG,CDNS,CHTR,CPRT,CRWD,CTAS,CSCO,CMCSA,COST,CSX,CTSH,DDOG,DOCU,DXCM,DLTR,EA,EBAY,EXC,FAST,META,FISV,FTNT,GILD,GOOG,GOOGL,HON,ILMN,INTC,INTU,ISRG,MRVL,IDXX,JD,KDP,KLAC,KHC,LRCX,LCID,LULU,MELI,MAR,MTCH,MCHP,MDLZ,MRNA,MNST,MSFT,MU,NFLX,NTES,NVDA,NXPI,OKTA,ODFL,ORLY,PCAR,PANW,PAYX,PDD,PYPL,PEP,QCOM,REGN,ROST,SIRI,SGEN,SPLK,SWKS,SBUX,SNPS,TSLA,TXN,TMUS,VRSN,VRSK,VRTX,WBA,WDAY,XEL,ZM,ZS
0,0.747462308,0.089365587,0.740705735,0.820466669,0.810522117,0.776479899,0.580443899,0.871025046,0.806733151,0.005214693,0.536274039,0.210355795,0.793446875,0.817275317,0.775300932,0.793111372,0.760370527,0.520714773,0.771478016,0.085186263,0.864981966,0.169454016,0.71138684,0.574350229,0.767747149,0.793346385,0.762237417,0.990137211,0.794945992,0.819386659,0.853723481,0.333191384,0.30335637,0.867393128,0.75194534,0.757778443,0.80789365,0.787250501,0.396097348,0.759857601,0.573208674,0.762252857,0.09375827,0.145875213,0.685208975,0.522041806,0.789222022,0.755452942,0.710162871,0.806222919,0.14304989,0.755830137,0.792000326,0.492027092,0.788097004,0.300257349,0.785830578,0.205598585,0.721686298,0.805657619,0.663374486,0.790202086,0.783463484,0.039734503,0.751029743,0.879989402,0.815586903,0.38791006,0.795555767,0.912305823,0.763595149,0.650870614,0.872963528,0.91690049,0.783463742,0.982685473,0.83341752,0.643299144,0.701086618,0.803008412,0.84575875,0.914745258,0.706703672,0.779612441,0.693390235,0.745531949,0.75618765,0.715801201,0.931847922,0.541155398,0.783121673,0.763323356,0.816051475,0.744441717,0.856297841,0.785317167,0.792058707,0.793252301,0.759834757,0.684698624
0.747462308,0,0.645834362,0.157084717,0.276762178,0.264159904,0.192533586,0.099188032,0.618767488,0.564135981,0.49566809,0.756797445,0.450077523,0.18277549,0.54209951,0.204690423,0.819188015,0.416507431,0.508341,0.079976556,0.095484283,0.333956763,0.667022771,0.337106553,0.439252032,0.615416199,0.229220633,0.147021506,0.949576303,0.170767464,0.155050549,0.856868082,0.796077114,0.630386291,0.524345782,0.095746002,0.172860275,0.226709853,0.197363545,0.799443342,0.091866237,0.695155504,0.12991078,0.164496133,0.2427254,0.252034058,0.573655495,0.104555083,0.682466109,0.729748279,0.496805766,0.622409494,0.003835229,0.179913045,0.459351847,0.183812659,0.207259849,0.05294826,0.598328724,0.760262091,0.338868019,0.22455912,0.095922306,0.211294028,0.532849992,0.126217973,0.623333358,0.136278734,0.751458904,0.057124112,0.802398175,0.409363384,0.234544308,0.71406571,0.792407167,0.090148555,0.931978488,0.499979316,0.198813671,0.938998417,0.399367623,0.33175966,0.690609678,0.116475284,0.13030401,0.025744814,0.036602573,0.392434038,0.161097738,0.698690857,0.453880624,0.176839967,0.282833001,0.402062192,0.132512447,0.276775725,0.153690382,0.021543587,0.19802125,0.955711282,0.679408248
0.089365587,0.645834362,0,0.555272946,0.738559527,0.71976465,0.673240895,0.488709866,0.81025262,0.74231744,0.100017782,0.705860678,0.253201913,0.687144935,0.751960866,0.678732971,0.9635953,0.609306268,0.219384309,0.672769518,0.225714503,0.763025271,0.003234355,0.57239844,0.244111453,0.712931474,0.699012166,0.642092222,0.975166005,0.701285939,0.740825465,0.797323855,0.033909263,0.742799428,0.833748354,0.616868008,0.62141696,0.72344092,0.683061264,0.006090316,0.634009414,0.909793122,0.644131533,0.123185376,0.146114613,0.515078008,0.15265177,0.681284168,0.683025662,0.68484122,0.744407882,0.110970641,0.641004766,0.695075238,0.771563408,0.686488211,0.260874434,0.701779501,0.166815951,0.614412915,0.779510511,0.461506995,0.694110588,0.687545456,0.006117391,0.621604777,0.797284578,0.741597111,0.078896998,0.680884378,0.870885542,0.695948608,0.302285962,0.888898113,0.935957529,0.691749774,0.977625791,0.768808513,0.448261558,0.196560583,0.729186021,0.771798991,0.846492802,0.548530264,0.672500476,0.534224544,0.470644025,0.583742823,0.565065986,0.861363172,0.638567748,0.657682349,0.65289175,0.690967945,0.613112871,0.72330945,0.685088286,0.649972519,0.691644132,0.479884642,0.613469468
0.740705735,0.157084717,0.555272946,0,0.546125288,0.663274971,0.01908593,0.214896017,0.960348182,0.017165884,0.268672245,0.643420562,0.532858781,0.561146914,0.645651799,0.210915981,0.78388863,0.58592618,0.415092684,0.203856753,0.09227034,0.639277637,0.67043932,0.286786291,0.368827929,0.581094776,0.359030842,0.110363675,0.971201563,0.457670801,0.794821287,0.748020498,0.857202154,0.575367597,0.93256423,0.03213013,0.010812261,0.681513764,0.262525544,0.910520745,0.249181149,0.633070032,0.060273081,0.171688648,0.203727629,0.113363227,0.473131467,0.342583179,0.589224014,0.619058762,0.725128977,0.515907313,0.255185024,0.429745107,0.220586574,0.366349598,0.053942051,0.13652554,0.659635143,0.769342387,0.492852505,0.255168636,0.172113375,0.372632503,0.501632592,0.062814942,0.550269516,0.503507108,0.874246991,0.467277563,0.715857486,0.008730341,0.445017147,0.550048507,0.72023053,0.326286993,0.860157492,0.844881391,0.50764458,0.985438562,0.762017402,0.788562558,0.659436974,0.06997953,0.295617302,0.032174061,0.264401719,0.197271133,0.001743155,0.663719145,0.458507964,0.001068158,0.391952305,0.684754975,0.438012787,0.797515391,0.240229135,0.11616429,0.415615653,0.914350537,0.648485466
0.820466669,0.276762178,0.738559527,0.546125288,0,0.459150065,0.58293785,0.486164559,0.740205784,0.277974485,0.423074995,0.743470939,0.809897937,0.024698263,0.720663172,0.529848084,0.686836333,0.512778763,0.619820423,0.450292688,0.105480753,0.671802218,0.839268448,0.773318839,0.622399008,0.715023931,0.5342876,0.43350087,0.885801777,0.457257173,0.542397987,0.710267682,0.911601933,0.677283169,0.716419578,0.200446127,0.574181905,0.537193272,0.547996313,0.946888774,0.218942793,0.56189188,0.532151009,0.203179545,0.234864219,0.702116664,0.621072205,0.258896737,0.598837482,0.720815367,0.673837722,0.652849778,0.400194436,0.426896108,0.411722103,0.338990853,0.143978954,0.433822697,0.788277799,0.782068261,0.418823484,0.731815766,0.521885348,0.465116642,0.57093258,0.44282905,0.650774044,0.242334522,0.895638192,0.157942952,0.623768519,0.317243935,0.547211648,0.588621961,0.664352031,0.296203534,0.767253312,0.720893839,0.634878554,0.987498857,0.739155648,0.585770468,0.681245328,0.498574328,0.389713402,0.436786219,0.385783601,0.40426528,0.679456555,0.620688376,0.486990499,0.551947783,0.206042293,0.628742482,0.712183535,0.277246766,0.326829574,0.450105809,0.372512895,0.943205393,0.599510377
0.810522117,0.264159904,0.71976465,0.663274971,0.459150065,0,0.249939828,0.366589186,0.570368616,0.033780245,0.345064295,0.700785695,0.887323323,0.673085363,0.540467631,0.372835628,0.556475335,0.672707719,0.694352961,0.347120807,0.092634791,0.467032666,0.847714957,0.865647983,0.635565812,0.601853341,0.275381465,0.98188307,0.904813215,0.33242505,0.206015112,0.595614864,0.939156951,0.616319623,0.680172228,0.321334994,0.718911199,0.336590449,0.683591984,0.956096884,0.882959294,0.483072746,0.95535398,0.179794318,0.208944111,0.981677812,0.684685345,0.897340482,0.640249765,0.621397022,0.513769817,0.611767534,0.613446291,0.33690856,0.213676845,0.567943386,0.105273549,0.209220682,0.782108738,0.78554225,0.176470508,0.929342148,0.367565147,0.096780823,0.588686329,0.991156011,0.466810584,0.235785668,0.916610808,0.461409513,0.566716412,0.039209067,0.706437577,0.392905796,0.55695864,0.601125913,0.704642723,0.556365121,0.823953321,0.995775287,0.760805929,0.417114904,0.550834899,0.991354695,0.628395669,0.467135085,0.455907413,0.843952374,0.994830561,0.522071622,0.433201062,0.328442686,0.654565526,0.474220969,0.642707032,0.377122067,0.585453527,0.22222592,0.680275328,0.951089304,0.580622758
0.776479899,0.192533586,0.673240895,0.01908593,0.58293785,0.249939828,0,0.01699683,0.811732264,0.018342555,0.326133953,0.664474775,0.701528417,0.490186993,0.501780874,0.068534598,0.786028771,0.629317186,0.557220802,0.039869864,0.086431387,0.475991853,0.728420356,0.086763962,0.430837486,0.486698178,0.063868987,0.121661687,0.970835633,0.116688106,0.333465819,0.605213636,0.867287543,0.600283612,0.795906642,0.097069189,0.005073425,0.149036667,0.019487755,0.910721351,0.302527546,0.436173139,0.036290845,0.133387369,0.210535366,0.305662933,0.573164099,0.407325595,0.52381085,0.592420033,0.432737313,0.581416513,0.15055412,0.132903371,0.250702439,0.206248941,0.107505617,0.016095558,0.685077965,0.775321819,0.272120311,0.575434937,0.260923506,0.086342385,0.515147974,0.099073349,0.549455202,0.603527041,0.868364208,0.389586954,0.56009041,0.040744963,0.464334656,0.581364346,0.728814556,0.300265954,0.823822812,0.507393644,0.545437238,0.981944855,0.254252149,0.609253053,0.633202029,0.516003591,0.092320545,0.030712236,0.161639371,0.753201941,0.167495933,0.527858076,0.442743581,0.271848739,0.33947876,0.17365261,0.029282921,0.568495283,0.275213103,0.043821096,0.155842717,0.920601471,0.569927482
0.580443899,0.099188032,0.488709866,0.214896017,0.486164559,0.366589186,0.01699683,0,0.610490907,0.178177365,0.195407689,0.576989557,0.175024243,0.475039048,0.338193215,0.263624119,0.9219642,0.576951536,0.333888882,0.229988717,0.090635506,0.350545422,0.605097728,0.270889298,0.285547077,0.153631463,0.266743084,0.257462031,0.983754699,0.285951893,0.427576904,0.659678856,0.770230744,0.529146083,0.584761113,0.24523862,0.252468648,0.329191537,0.231039008,0.583880391,0.300049866,0.60007592,0.170619032,0.112429744,0.181265405,0.071615249,0.49432528,0.304124572,0.45454235,0.608505769,0.455381251,0.508607586,0.032120497,0.297910424,0.183916604,0.310523167,0.021225751,0.208451227,0.51850919,0.784997226,0.022490496,0.244296231,0.03857253,0.29450852,0.442152387,0.209601461,0.447205338,0.069814603,0.759881723,0.324343911,0.551908968,0.128877002,0.265796125,0.527501239,0.735686898,0.277448554,0.909536482,0.433854574,0.556430706,0.933625997,0.37593136,0.099270792,0.631092772,0.047531863,0.256859786,0.068701314,0.305001389,0.293188209,0.018764506,0.856452568,0.43333734,0.23013979,0.112539042,0.378218859,0.216139532,0.679072627,0.253136421,0.08619811,0.310725821,0.926574962,0.663851559
0.871025046,0.618767488,0.81025262,0.960348182,0.740205784,0.570368616,0.811732264,0.610490907,0,0.164230709,0.362563362,0.709709608,0.949128687,0.776362012,0.351992891,0.64193457,0.49157929,0.781585967,0.786383478,0.637049172,0.098686627,0.348412801,0.867930795,0.923373952,0.784767885,0.523671444,0.584109816,0.817974664,0.919528882,0.65232198,0.486623573,0.376623227,0.948009767,0.617279847,0.363756205,0.769765117,0.81122159,0.527916918,0.647624837,0.980256267,0.854660482,0.364006408,0.776923935,0.165293209,0.193504813,0.956755093,0.824220381,0.78435191,0.586590618,0.651742552,0.291378179,0.67145723,0.800869113,0.667524267,0.071599743,0.664972395,0.152613115,0.362652484,0.830369595,0.806701093,0.354770232,0.955877312,0.823611157,0.633475082,0.627271761,0.884966745,0.28009873,0.778407888,0.95237174,0.816003869,0.457026054,0.319854225,0.853433893,0.273091213,0.485703706,0.679990067,0.662623999,0.249020184,0.854532714,0.996936159,0.063896271,0.126605074,0.457645919,0.931575373,0.688882412,0.605692972,0.571226281,0.948942093,0.959359285,0.380290289,0.403043065,0.840737734,0.772233865,0.459121731,0.214826576,0.312811335,0.772853296,0.466742858,0.642087591,0.977997408,0.67397534
0.806733151,0.564135981,0.74231744,0.017165884,0.277974485,0.033780245,0.018342555,0.178177365,0.164230709,0,0.45363865,0.716595557,0.596209085,0.279003084,0.064194653,0.019133729,0.816378875,0.5747744,0.597186597,0.007245511,0.083930885,0.10050859,0.729308002,0.017504555,0.499233167,0.46475779,0.006635769,0.043391836,0.97155483,0.023210029,0.029523484,0.522272839,0.892000436,0.655671306,0.234677679,0.088434393,0.02951888,0.01447191,0.006161015,0.928326606,0.089509691,0.633992349,0.024812494,0.151766405,0.234928797,0.169217047,0.70648792,0.112447976,0.621448515,0.549213586,0.02206592,0.645049749,0.094705211,0.025562473,0.413341135,0.042884626,0.151048449,0.023118057,0.677284504,0.7815109,0.098796135,0.356076936,0.021731808,0.007379321,0.56095388,0.022525522,0.536650832,0.110695628,0.907699328,0.206162096,0.657459097,0.009715595,0.656252724,0.69180181,0.787285005,0.102473341,0.835790435,0.015181382,0.326682232,0.985452658,0.001417068,0.093721022,0.661762825,0.139891008,0.024531803,0.038549288,0.08358032,0.652574659,0.054836624,0.616324449,0.459232138,0.097565879,0.114228102,2.23E-05,0.003185789,0.117824608,0.073192589,0.117393297,0.022747236,0.944155741,0.675507306
0.005214693,0.49566809,0.100017782,0.268672245,0.423074995,0.345064295,0.326133953,0.195407689,0.362563362,0.45363865,0,0.095630222,0.156983296,0.363315085,0.308571298,0.324972658,0.839906047,0.445219176,0.307480461,0.3007348,0.101886465,0.303338347,0.059337825,0.297698689,0.287751434,0.179127283,0.334699883,0.31234995,0.692250428,0.338716515,0.340170434,0.283063336,0.252505696,0.022180762,0.424282161,0.300633601,0.314458362,0.344239581,0.320260748,0.126113747,0.318042865,0.481755181,0.324396437,0.168348385,0.260147891,0.258544519,0.462145609,0.363258878,0.089052266,0.122939639,0.336165777,0.159188809,0.310766939,0.338283992,0.574748059,0.344277173,0.571851532,0.359102041,0.066329352,0.681109337,0.376156575,0.247963431,0.343306011,0.327360828,0.024122469,0.292808981,0.331364395,0.398234658,0.113163882,0.380226662,0.445701752,0.398015189,0.267311304,0.426782524,0.662988695,0.361838913,0.785654098,0.34117479,0.253306568,0.403624152,0.302751069,0.347598601,0.319374156,0.275996313,0.325961526,0.213935714,0.240757525,0.372240563,0.270603259,0.295976474,0.475051603,0.349669178,0.311425566,0.265405639,0.191144229,0.39402057,0.360816767,0.281237116,0.331262442,0.421014237,0.226490941
0.536274039,0.756797445,0.705860678,0.643420562,0.743470939,0.700785695,0.664474775,0.576989557,0.709709608,0.716595557,0.095630222,0,0.59719097,0.715675654,0.663997592,0.676199453,0.825312813,0.718047613,0.663791502,0.657042527,0.16245905,0.684807761,0.540683029,0.594283676,0.632934982,0.444510036,0.687982145,0.6736484,0.930055023,0.690332949,0.692599991,0.683464247,0.746823958,0.059071347,0.750218638,0.662224351,0.665661201,0.694402923,0.678620104,0.691389541,0.681292779,0.71504796,0.67238637,0.084337023,0.146907677,0.635158861,0.735272173,0.705263731,0.182866076,0.483614028,0.678330567,0.546361119,0.658103806,0.690562817,0.545522419,0.693848835,0.401661189,0.684801014,0.247153366,0.767955054,0.68592388,0.631944969,0.685857623,0.680631308,0.318908275,0.661854967,0.634891922,0.727146689,0.649711474,0.712435846,0.620566439,0.67510107,0.681825186,0.622334592,0.700178892,0.691651311,0.934743688,0.699058415,0.610396281,0.839080196,0.652183764,0.679604665,0.487266828,0.654532231,0.67934589,0.550912977,0.587509389,0.707093392,0.642570681,0.633315086,0.31135783,0.684519524,0.690864823,0.676769782,0.525974793,0.718698391,0.700586267,0.665941066,0.690600725,0.847654843,0.220031276
0.210355795,0.450077523,0.253201913,0.532858781,0.809897937,0.887323323,0.701528417,0.175024243,0.949128687,0.596209085,0.156983296,0.59719097,0,0.82779323,0.867104371,0.787859459,0.940385315,0.604426641,0.09617925,0.801889026,0.203105218,0.932981262,0.35072081,0.691411435,0.062297624,0.776301009,0.827549584,0.725565288,0.987719623,0.850746251,0.920914624,0.893749487,0.500798068,0.571666057,0.962717297,0.6948981,0.615509111,0.879855705,0.822821866,0.228145916,0.686907759,0.770689214,0.69157653,0.109039275,0.190835918,0.295104786,0.07850513,0.761979089,0.402212082,0.764526874,0.888320565,0.379893314,0.674247355,0.832246822,0.380063806,0.812987922,0.038343762,0.741200924,0.469863788,0.721519632,0.843234105,0.141664378,0.795546278,0.820728822,0.248317313,0.680588406,0.796136195,0.840231239,0.631540909,0.568789602,0.693898147,0.349527901,0.03022832,0.804911658,0.869481041,0.775888447,0.876393239,0.923756609,0.411098147,0.541317691,0.902652694,0.934699099,0.791846374,0.422421022,0.801298704,0.417838335,0.700365459,0.215964772,0.46279037,0.911824893,0.510720144,0.613668768,0.771217197,0.873104786,0.827286521,0.955370102,0.752516115,0.41816106,0.839950516,0.912738015,0.591352838
0.793446875,0.18277549,0.687144935,0.561146914,0.024698263,0.673085363,0.490186993,0.475039048,0.776362012,0.279003084,0.363315085,0.715675654,0.82779323,0,0.666272669,0.56932075,0.671322445,0.514276327,0.518689129,0.551679631,0.097553807,0.495587576,0.793314708,0.796851155,0.585291699,0.672784277,0.591643356,0.464709773,0.920167015,0.620349192,0.743567947,0.708842966,0.916074336,0.647154812,0.829356386,0.372462119,0.58130519,0.71522531,0.663045162,0.772429936,0.258202147,0.543676682,0.485752162,0.190290241,0.22128099,0.598320822,0.533733232,0.217836612,0.59043817,0.681421769,0.688444109,0.605727317,0.416717235,0.57102858,0.344963319,0.435984536,0.13808065,0.39515906,0.773015503,0.776085512,0.463023346,0.749369416,0.497036062,0.608814319,0.568587504,0.565630876,0.524639308,0.296282746,0.881044873,0.11636619,0.59757186,0.259434814,0.391368968,0.517236518,0.634822365,0.303880257,0.779130537,0.746544635,0.716830138,0.99440119,0.799899091,0.611571146,0.63820787,0.513517959,0.557738458,0.427867404,0.395445117,0.261535778,0.738427091,0.663282032,0.480062131,0.539765105,0.235271782,0.586343907,0.760629859,0.505908497,0.279429914,0.368980335,0.575850483,0.98468404,0.649466187
0.817275317,0.54209951,0.751960866,0.645651799,0.720663172,0.540467631,0.501780874,0.338193215,0.351992891,0.064194653,0.308571298,0.663997592,0.867104371,0.666272669,0,0.521082678,0.589089151,0.71596644,0.736119288,0.453500369,0.082445032,0.184503793,0.832088101,0.545482784,0.643710479,0.220181181,0.555431432,0.651089161,0.945781972,0.538396078,0.455705689,0.352188885,0.932054891,0.578267079,0.591376266,0.558693096,0.642785259,0.510436176,0.42334083,0.961148466,0.69566419,0.55779378,0.640780807,0.133052794,0.197337941,0.872340361,0.775947511,0.712511135,0.645159144,0.450866351,0.280022071,0.616055124,0.589576734,0.560475891,0.080920141,0.607674984,0.063728509,0.40503382,0.737453534,0.792284966,0.378595964,0.838134619,0.581949987,0.524478775,0.566357787,0.69430701,0.219317357,0.640481021,0.961160811,0.669300654,0.540521676,0.436520471,0.611414888,0.271574734,0.589056261,0.676246041,0.812881354,0.42886813,0.726544522,0.991665421,0.229199342,0.289807652,0.499556715,0.815442798,0.547920375,0.381863232,0.398443811,0.842707661,0.806492176,0.337616532,0.39309477,0.612673547,0.639302766,0.080399994,0.094617401,0.431597096,0.682285679,0.159214133,0.535178493,0.96355112,0.4326864
0.775300932,0.204690423,0.678732971,0.210915981,0.529848084,0.372835628,0.068534598,0.263624119,0.64193457,0.019133729,0.324972658,0.676199453,0.787859459,0.56932075,0.521082678,0,0.601375782,0.647285568,0.641402059,0.057184815,0.089607162,0.488636072,0.799799208,0.688680098,0.532308869,0.54489892,0.06790482,0.620230272,0.927332253,0.168994737,0.36464029,0.586124258,0.92076564,0.597789699,0.807170656,0.075866917,0.15855627,0.494605345,0.146582762,0.971593464,0.605075857,0.493649987,0.3470669,0.181085841,0.210693281,0.890006551,0.643754055,0.70539977,0.61718274,0.582479515,0.505057761,0.576309051,0.371099239,0.168004245,0.203030165,0.44645534,0.097252729,0.128835234,0.725969857,0.776551824,0.155743197,0.806571121,0.28051363,0.080275335,0.551803301,0.565281998,0.389308751,0.457718946,0.89475263,0.353172264,0.543445424,0.024618658,0.693647087,0.442307701,0.611405255,0.430668667,0.734966689,0.647265281,0.730381439,0.993219921,0.721857086,0.391667638,0.579719278,0.958464718,0.211277602,0.191597598,0.314122774,0.714872801,0.895479527,0.550352225,0.430998694,0.094248824,0.428437237,0.313138458,0.398505639,0.570803434,0.367540217,0.150627961,0.213270617,0.980841246,0.554089773
0.793111372,0.819188015,0.9635953,0.78388863,0.686836333,0.556475335,0.786028771,0.9219642,0.49157929,0.816378875,0.839906047,0.825312813,0.940385315,0.671322445,0.589089151,0.601375782,0,0.788539153,0.833389811,0.581026513,0.187965564,0.609139528,0.892098027,0.750160556,0.892981339,0.670608111,0.608739829,0.663066743,0.322901061,0.585864021,0.535783816,0.322475956,0.908544192,0.758938472,0.360597809,0.676259789,0.706127681,0.54727584,0.601596705,0.979269113,0.703379637,0.46099199,0.650820544,0.13761771,0.199451275,0.810405759,0.92300843,0.687129477,0.799272908,0.786592151,0.587685215,0.881646103,0.671421093,0.588454895,0.156578874,0.612496995,0.870502805,0.635151382,0.866285034,0.879187402,0.62542795,0.854038856,0.715984027,0.584120963,0.774144699,0.697496637,0.665357442,0.668836396,0.991878149,0.759393426,0.173739741,0.907668666,0.909415685,0.408859673,0.204702206,0.648430176,0.15987747,0.544565634,0.815239522,0.961121728,0.464921849,0.514988928,0.308519182,0.783690196,0.594414901,0.672028559,0.627350696,0.908134115,0.769850764,0.554319317,0.314485493,0.796886583,0.693384155,0.571520342,0.461795151,0.376789706,0.657259436,0.740516383,0.580457201,0.975142623,0.796405926
0.760370527,0.416507431,0.609306268,0.58592618,0.512778763,0.672707719,0.629317186,0.576951536,0.781585967,0.5747744,0.445219176,0.718047613,0.604426641,0.514276327,0.71596644,0.647285568,0.788539153,0,0.397486896,0.629241521,0.263358875,0.737227942,0.695206843,0.692309288,0.609379404,0.726618574,0.653729784,0.590100022,0.923037701,0.651616617,0.697347056,0.764193995,0.775410136,0.692090646,0.765038619,0.592394211,0.608448077,0.681626848,0.657772264,0.721279657,0.509129471,0.722233669,0.594333695,0.190400543,0.264811258,0.547002367,0.493359193,0.549081382,0.665647582,0.750145071,0.713663155,0.653849415,0.576043581,0.641158342,0.499929832,0.613185898,0.21963688,0.579820989,0.726870087,0.703393716,0.651604393,0.613024321,0.620765942,0.648669891,0.540693293,0.581516997,0.708479137,0.585275446,0.782012444,0.57316812,0.742292609,0.538502239,0.43139496,0.716476736,0.772069324,0.545942618,0.873262151,0.736817571,0.014408764,0.853317148,0.737367768,0.726611888,0.765755134,0.483533426,0.621671314,0.562603142,0.562582118,0.425741844,0.566145248,0.766275577,0.558423454,0.588980061,0.598832115,0.720324088,0.726118733,0.708259334,0.567778781,0.622203253,0.643461388,0.947343484,0.734448855
0.520714773,0.508341,0.219384309,0.415092684,0.619820423,0.694352961,0.557220802,0.333888882,0.786383478,0.597186597,0.307480461,0.663791502,0.09617925,0.518689129,0.736119288,0.641402059,0.833389811,0.397486896,0,0.607020363,0.239906228,0.704682955,0.11206036,0.313928047,0.078181067,0.657924677,0.665748322,0.550407116,0.949358702,0.664406844,0.712345682,0.770020341,0.178293619,0.641091165,0.83210278,0.479495515,0.567317076,0.709104372,0.655892054,0.213632313,0.486868734,0.779248058,0.609873043,0.180861954,0.269365807,0.302128647,0.003600812,0.587792919,0.679549562,0.623984732,0.712543031,0.329086445,0.504060962,0.658528527,0.578745769,0.633672577,0.11298855,0.668646759,0.467099907,0.655551127,0.705032771,0.059117589,0.608184094,0.646506284,0.302637383,0.506987194,0.749595045,0.406402938,0.542781817,0.487195329,0.790140418,0.32923557,0.0918601,0.665571145,0.871802598,0.617183175,0.890681603,0.757549808,0.185349869,0.064759116,0.734215153,0.710654151,0.819020262,0.346613574,0.628595594,0.32657239,0.272027935,0.088617864,0.430543751,0.73535094,0.571614142,0.277873613,0.397848655,0.625552476,0.618968279,0.770017277,0.636345668,0.495258966,0.647285145,0.529256649,0.641533152
0.771478016,0.079976556,0.672769518,0.203856753,0.450292688,0.347120807,0.039869864,0.229988717,0.637049172,0.007245511,0.3007348,0.657042527,0.801889026,0.551679631,0.453500369,0.057184815,0.581026513,0.629241521,0.607020363,0,0.093632946,0.4194623,0.790631494,0.597326263,0.555345838,0.527824112,0.031494881,0.162147895,0.929581669,0.033792716,0.228313978,0.57685501,0.916358697,0.594985917,0.764489476,0.036085564,0.096350232,0.133672819,0.044404332,0.907261527,0.288112394,0.417025479,0.012587106,0.1261418,0.202110591,0.627388393,0.625070394,0.182512629,0.578311923,0.587720941,0.624595749,0.568032655,0.166391562,0.043873201,0.149453629,0.137158866,0.073409666,0.002415874,0.721340936,0.778828548,0.132474055,0.749430688,0.003122047,0.03479514,0.534459567,0.214760548,0.218985267,0.029790787,0.891073236,0.345942724,0.601703861,0.013123338,0.55192665,0.365813591,0.580629737,0.011733714,0.750525939,0.577760535,0.759638079,0.985093401,0.586885256,0.296396408,0.579198049,0.811696426,0.029262258,0.296065734,0.352605476,0.524251118,0.543899782,0.518216756,0.429886859,0.075248976,0.538095529,0.375115804,0.471145304,0.535705049,0.010810886,0.095746105,0.166642878,0.97180092,0.599002599
0.085186263,0.095484283,0.225714503,0.09227034,0.105480753,0.092634791,0.086431387,0.090635506,0.098686627,0.083930885,0.101886465,0.16245905,0.203105218,0.097553807,0.082445032,0.089607162,0.187965564,0.263358875,0.239906228,0.093632946,0,0.083987301,0.076955623,0.077746048,0.214989074,0.075619473,0.088904824,0.086343673,0.180234848,0.091478719,0.093397068,0.108950919,0.102107588,0.109661652,0.100065307,0.084846219,0.083908192,0.091455398,0.08787306,0.054094514,0.084332974,0.124039608,0.085252158,0.35942585,0.402203507,0.074141188,0.111281998,0.089319124,0.10576407,0.096882207,0.092744805,0.145024855,0.08183518,0.089834277,0.068634862,0.090357796,0.065919719,0.089498238,0.07951594,0.052043153,0.093114656,0.08036614,0.085900756,0.087946827,0.189093655,0.088208217,0.077700513,0.096374263,0.117873812,0.088696248,0.129944852,0.086999544,0.195525214,0.070631915,0.186441218,0.088597897,0.205777267,0.090370618,0.228204106,0.206553548,0.083606345,0.104276822,0.147518261,0.087264067,0.089505113,0.087188165,0.247978911,0.096842987,0.08269055,0.101507981,0.411780378,0.077611262,0.1087987,0.087648368,0.079051124,0.120799245,0.08874545,0.070522612,0.090788605,0.26890221,0.190320766
0.864981966,0.333956763,0.763025271,0.639277637,0.671802218,0.467032666,0.475991853,0.350545422,0.348412801,0.10050859,0.303338347,0.684807761,0.932981262,0.495587576,0.184503793,0.488636072,0.609139528,0.737227942,0.704682955,0.4194623,0.083987301,0,0.828820567,0.558336054,0.726750239,0.440708531,0.416455734,0.569825001,0.950904466,0.44845836,0.441126102,0.323637067,0.952565157,0.571297517,0.527829999,0.556785793,0.55128358,0.399500633,0.470505915,0.968273987,0.671712795,0.296910586,0.538252275,0.120640656,0.189544849,0.753249024,0.822631587,0.668197964,0.53831845,0.539137349,0.221250403,0.648013186,0.547387666,0.475292014,0.072904404,0.5328405,0.110243026,0.184494836,0.764026258,0.802198306,0.0871941,0.85656667,0.614323112,0.455300951,0.559541514,0.689025015,0.220335631,0.468815534,0.948944954,0.633668845,0.53490196,0.115785349,0.802805283,0.257794915,0.565303252,0.574044161,0.755692803,0.259908265,0.766511322,0.995431554,0.218297352,0.364684146,0.503480763,0.825518852,0.464487542,0.300023199,0.425511349,0.872925485,0.802855619,0.512190988,0.391343863,0.654013764,0.688570074,0.377069816,1.55E-05,0.533899206,0.614258752,0.081178116,0.486908737,0.984907851,0.541490255
0.169454016,0.667022771,0.003234355,0.67043932,0.839268448,0.847714957,0.728420356,0.605097728,0.867930795,0.729308002,0.059337825,0.540683029,0.35072081,0.793314708,0.832088101,0.799799208,0.892098027,0.695206843,0.11206036,0.790631494,0.076955623,0.828820567,0,0.713158569,0.207530298,0.767218382,0.811412989,0.797642766,0.975794363,0.822420887,0.850621614,0.819265159,0.089112352,0.614827539,0.90918923,0.751888164,0.730355674,0.839409111,0.808870299,0.066598048,0.773412429,0.926096095,0.775872022,0.143366637,0.167664025,0.641439054,0.140791965,0.790147281,0.548415915,0.824445088,0.819700153,0.051051205,0.750070911,0.817174238,0.619405613,0.812594265,0.153747513,0.79274407,0.364324627,0.568533915,0.826719032,0.561716195,0.779977784,0.815412067,0.045259937,0.760756451,0.78125637,0.810736839,0.425396259,0.737714679,0.799874042,0.620259,0.455644812,0.853696795,0.919710566,0.798224232,0.952700286,0.858790872,0.579084942,0.271276684,0.853662379,0.830857661,0.91706543,0.698691175,0.802931698,0.711559404,0.71646649,0.578761719,0.711210832,0.828671273,0.565805901,0.722717338,0.795164805,0.813949394,0.800404255,0.892745204,0.796097061,0.712463118,0.822603404,0.620587186,0.820879723
0.71138684,0.337106553,0.57239844,0.286786291,0.773318839,0.865647983,0.086763962,0.270889298,0.923373952,0.017504555,0.297698689,0.594283676,0.691411435,0.796851155,0.545482784,0.688680098,0.750160556,0.692309288,0.313928047,0.597326263,0.077746048,0.558336054,0.713158569,0,0.354947055,0.460965411,0.768675228,0.668752919,0.975631536,0.79862158,0.886764403,0.588132675,0.876107383,0.526489822,0.96364595,0.566972059,0.289136655,0.870610798,0.749478747,0.848136887,0.72674114,0.531820927,0.603327049,0.120124215,0.186423149,0.569269535,0.576202971,0.794189341,0.481845986,0.402253041,0.797069635,0.467575038,0.595736834,0.783606659,0.149570415,0.764477717,0.058384833,0.371045049,0.591395838,0.770679569,0.61897462,0.792258256,0.72970476,0.795510503,0.474359705,0.693927684,0.322289397,0.783099226,0.861789847,0.606436308,0.587078597,0.015159068,0.632995431,0.413641018,0.676301368,0.78204503,0.912424782,0.933367805,0.631810907,0.98621472,0.868552709,0.702344654,0.56990242,0.770593768,0.717006214,0.22201134,0.404976443,0.703680847,0.625305628,0.522597749,0.416349897,0.254903458,0.730686929,0.445684748,0.297874783,0.828548167,0.762699754,0.198947658,0.785941093,0.969698581,0.513931947
0.574350229,0.439252032,0.244111453,0.368827929,0.622399008,0.635565812,0.430837486,0.285547077,0.784767885,0.499233167,0.287751434,0.632934982,0.062297624,0.585291699,0.643710479,0.532308869,0.892981339,0.609379404,0.078181067,0.555345838,0.214989074,0.726750239,0.207530298,0.354947055,0,0.532168306,0.585208487,0.477430027,0.959889535,0.604732888,0.688435517,0.834315103,0.758044416,0.54721182,0.802401939,0.436661234,0.406635911,0.647836949,0.580803359,0.341516997,0.487269586,0.704438467,0.488867358,0.117235786,0.203720074,0.22973316,0.199071218,0.559153711,0.613077697,0.468080964,0.686358492,0.323393948,0.498452126,0.594591791,0.43035402,0.570655857,0.191800713,0.579986495,0.300729416,0.747969608,0.636667728,0.1484013,0.567793346,0.577392135,0.262172067,0.46168747,0.676427714,0.67491741,0.821843355,0.512380143,0.785041028,0.383026135,0.360486045,0.718156064,0.801730259,0.571443397,0.949166859,0.694524222,0.415328404,0.846077794,0.639968165,0.668464607,0.700237932,0.33614914,0.56311878,0.176231462,0.349127305,0.311895439,0.330789968,0.787531102,0.499378325,0.370588438,0.44631086,0.600171046,0.509226331,0.779868149,0.564491199,0.564455067,0.587727045,0.93273393,0.657536706
0.767747149,0.615416199,0.712931474,0.581094776,0.715023931,0.601853341,0.486698178,0.153631463,0.523671444,0.46475779,0.179127283,0.444510036,0.776301009,0.672784277,0.220181181,0.54489892,0.670608111,0.726618574,0.657924677,0.527824112,0.075619473,0.440708531,0.767218382,0.460965411,0.532168306,0,0.573828027,0.604844838,0.975613414,0.581229974,0.571647945,0.056732423,0.851591933,0.400348881,0.67754893,0.558718558,0.581814726,0.569830878,0.556374906,0.900371198,0.646472612,0.246053354,0.578939729,0.095418406,0.165574273,0.688283076,0.68593987,0.655463206,0.408242342,0.087296839,0.481401116,0.526196903,0.586394157,0.584024494,0.006163995,0.606874645,0.130202369,0.569497362,0.48230244,0.796080224,0.532710405,0.753357485,0.618072941,0.563248107,0.410360117,0.60372279,0.000789981,0.649880935,0.905841834,0.686554247,0.184879059,0.380265361,0.694414477,0.072682461,0.604677249,0.658708697,0.685704132,0.443375719,0.730694445,0.979976377,0.424710018,0.482348721,0.326665557,0.706304506,0.567548782,0.421478233,0.486607544,0.785663778,0.648267863,0.083381687,0.342877349,0.636105295,0.637817437,0.385622813,0.200536035,0.612774748,0.636000657,0.378139814,0.595097079,0.948931343,0.043599962
0.793346385,0.229220633,0.699012166,0.359030842,0.5342876,0.275381465,0.063868987,0.266743084,0.584109816,0.006635769,0.334699883,0.687982145,0.827549584,0.591643356,0.555431432,0.06790482,0.608739829,0.653729784,0.665748322,0.031494881,0.088904824,0.416455734,0.811412989,0.768675228,0.585208487,0.573828027,0,0.702570849,0.935539692,0.16135709,0.209566326,0.600164173,0.925685265,0.609844933,0.759776978,0.17578845,0.447798559,0.558099062,0.060027812,0.941153025,0.63654522,0.517756464,0.493123185,0.182070325,0.211740965,0.934180167,0.663215974,0.762579446,0.630885103,0.610538212,0.457437797,0.593637983,0.414477773,0.260803727,0.195355439,0.566633198,0.090115398,0.120512008,0.75265608,0.778064928,0.165061912,0.854737533,0.124612539,0.077805366,0.570717469,0.759035267,0.488294698,0.307360592,0.903181488,0.429387671,0.563008666,0.011912933,0.619052428,0.452480108,0.621397281,0.527283,0.742515736,0.653270628,0.73240285,0.99424502,0.779213263,0.377323252,0.580799833,0.969529259,0.195267693,0.251488009,0.325005042,0.712257601,0.988514812,0.524570211,0.431620904,0.12720295,0.520180299,0.299362241,0.361677442,0.485580282,0.569141606,0.135362758,0.145610004,0.980100007,0.561719368
0.762237417,0.147021506,0.642092222,0.110363675,0.43350087,0.98188307,0.121661687,0.257462031,0.817974664,0.043391836,0.31234995,0.6736484,0.725565288,0.464709773,0.651089161,0.620230272,0.663066743,0.590100022,0.550407116,0.162147895,0.086343673,0.569825001,0.797642766,0.668752919,0.477430027,0.604844838,0.702570849,0,0.917069592,0.944247045,0.900411533,0.660063991,0.900362432,0.60520372,0.927099691,0.004121282,0.080264082,0.985903581,0.795505939,0.900739957,0.241464946,0.550394364,0.278764815,0.18224226,0.212576568,0.68894266,0.548195859,0.248483585,0.615786645,0.621147672,0.676048257,0.556562152,0.209770461,0.91950709,0.240899117,0.687941502,0.084988673,0.199182622,0.716245481,0.7683036,0.398973197,0.655215983,0.238885438,0.874035892,0.539294563,0.029837382,0.507068231,0.277466632,0.873022712,0.169522995,0.58649639,0.02470172,0.324623245,0.494398765,0.653462505,0.399973411,0.773200972,0.895904611,0.672548266,0.987898802,0.90191773,0.577014459,0.612423341,0.832160528,0.743782337,0.187396279,0.213705994,0.289265788,0.425443279,0.585837522,0.449924657,0.029164782,0.348533857,0.542023868,0.605824906,0.716466738,0.594370564,0.140939148,0.904988601,0.967703557,0.585673226
0.990137211,0.949576303,0.975166005,0.971201563,0.885801777,0.904813215,0.970835633,0.983754699,0.919528882,0.97155483,0.692250428,0.930055023,0.987719623,0.920167015,0.945781972,0.927332253,0.322901061,0.923037701,0.949358702,0.929581669,0.180234848,0.950904466,0.975794363,0.975631536,0.959889535,0.975613414,0.935539692,0.917069592,0,0.922286991,0.879965897,0.874590525,0.985174975,0.767502339,0.864796337,0.940093201,0.956884836,0.912293527,0.910871779,0.996987101,0.926278292,0.488912454,0.944910688,0.084154285,0.137390385,0.958509489,0.972872079,0.915625378,0.939821254,0.94920763,0.918586325,0.945524297,0.926543783,0.923899436,0.83224177,0.895707681,0.863778407,0.942159411,0.984966864,0.875643225,0.880488386,0.978322692,0.939434528,0.89871255,0.869881881,0.942630499,0.974799436,0.944352105,0.995823742,0.9521069,0.714423482,0.980777477,0.971848293,0.896300377,0.030455766,0.910955127,0.004328669,0.900477427,0.942473256,0.996476843,0.884804124,0.92657049,0.162580226,0.967944431,0.92416064,0.941758543,0.89280043,0.977999265,0.971840727,0.916440859,0.237844508,0.95999272,0.934329689,0.949727473,0.926620187,0.787652408,0.910456201,0.955513598,0.917381162,0.991456745,0.960527828
0.794945992,0.170767464,0.701285939,0.457670801,0.457257173,0.33242505,0.116688106,0.285951893,0.65232198,0.023210029,0.338716515,0.690332949,0.850746251,0.620349192,0.538396078,0.168994737,0.585864021,0.651616617,0.664406844,0.033792716,0.091478719,0.44845836,0.822420887,0.79862158,0.604732888,0.581229974,0.16135709,0.944247045,0.922286991,0,0.278998834,0.601979462,0.92976962,0.610779618,0.778319581,0.164804324,0.69249268,0.72701441,0.511947363,0.939840511,0.747013067,0.472125104,0.544629823,0.181209304,0.21067115,0.948661185,0.65965768,0.753452953,0.62623547,0.624979483,0.506055034,0.598541548,0.399305068,0.068754264,0.198557956,0.535692305,0.094272859,0.070573035,0.762217465,0.780378987,0.168222279,0.882895163,0.064197696,0.262557083,0.572144434,0.922536966,0.463560278,0.147979536,0.900479086,0.291090544,0.544749167,0.028664741,0.630043476,0.414059643,0.595397271,0.30397925,0.729772887,0.682609029,0.774078715,0.99463293,0.767256441,0.404957317,0.573986365,0.988906893,0.393863018,0.29691627,0.380285381,0.779563739,0.985047776,0.530204376,0.429498048,0.192122599,0.604749786,0.410672649,0.517468872,0.468527226,0.155379169,0.132706296,0.231138331,0.982385659,0.575863264
0.819386659,0.155050549,0.740825465,0.794821287,0.542397987,0.206015112,0.333465819,0.427576904,0.486623573,0.029523484,0.340170434,0.692599991,0.920914624,0.743567947,0.455705689,0.36464029,0.535783816,0.697347056,0.712345682,0.228313978,0.093397068,0.441126102,0.850621614,0.886764403,0.688435517,0.571647945,0.209566326,0.900411533,0.879965897,0.278998834,0,0.558380984,0.94337167,0.611198185,0.542068816,0.568687056,0.59442321,0.046734537,0.666840491,0.954852664,0.891813549,0.380143702,0.570190571,0.173607896,0.202164112,0.95069774,0.719225581,0.797606303,0.54551161,0.642613324,0.464223789,0.625352707,0.646099752,0.266218627,0.164090924,0.562126897,0.111463076,0.03892749,0.799068818,0.793035534,0.037959179,0.947831582,0.681922607,0.373784096,0.584192756,0.973613961,0.380382468,0.15288003,0.917764889,0.480549049,0.533498224,0.057679502,0.755355812,0.310757073,0.530067155,0.405466981,0.703261602,0.403355271,0.852295413,0.995393877,0.523124422,0.379943508,0.530961645,0.993484171,0.530217692,0.492328459,0.522074145,0.82965556,0.986620419,0.516303018,0.4186748,0.5348896,0.773697506,0.560007707,0.575060787,0.368202369,0.588922153,0.159681352,0.500457023,0.946392449,0.585996702
0.853723481,0.856868082,0.797323855,0.748020498,0.710267682,0.595614864,0.605213636,0.659678856,0.376623227,0.522272839,0.283063336,0.683464247,0.893749487,0.708842966,0.352188885,0.586124258,0.322475956,0.764193995,0.770020341,0.57685501,0.108950919,0.323637067,0.819265159,0.588132675,0.834315103,0.056732423,0.600164173,0.660063991,0.874590525,0.601979462,0.558380984,0,0.946102265,0.530212304,0.539771393,0.628269011,0.64155901,0.569861389,0.579699898,0.953316001,0.707663849,0.224128383,0.631495,0.110057796,0.177076252,0.752746687,0.82183595,0.705200366,0.584294277,0.438436856,0.453487518,0.675637058,0.6497905,0.612214785,0.017689876,0.642653078,0.265261857,0.498175825,0.709549558,0.817194858,0.525488078,0.865581723,0.756802348,0.591567619,0.521193532,0.681266625,0.044633195,0.70923647,0.934546536,0.71494638,0.278198842,0.547278789,0.915387717,0.099437724,0.472468441,0.654238132,0.89051266,0.458333545,0.761428815,0.980008566,0.293859454,0.388541624,0.29136764,0.763264253,0.611348784,0.488387161,0.524809145,0.827608701,0.737437438,0.025052452,0.320340423,0.679949865,0.681118855,0.45427529,0.147106639,0.529634338,0.666685863,0.644529625,0.608658767,0.965329986,0.379263889
0.333191384,0.796077114,0.033909263,0.857202154,0.911601933,0.939156951,0.867287543,0.770230744,0.948009767,0.892000436,0.252505696,0.746823958,0.500798068,0.916074336,0.932054891,0.92076564,0.908544192,0.775410136,0.178293619,0.916358697,0.102107588,0.952565157,0.089112352,0.876107383,0.758044416,0.851591933,0.925685265,0.900362432,0.985174975,0.92976962,0.94337167,0.946102265,0,0.738669932,0.961400194,0.886360264,0.901435483,0.939583282,0.924300447,0.353497962,0.879045556,0.926593807,0.901223352,0.149171217,0.174594957,0.783352268,0.084929442,0.909701814,0.666494912,0.899406537,0.908951356,0.452903868,0.910915575,0.92628597,0.758034303,0.921330142,0.325814707,0.942159948,0.758406667,0.621484312,0.918977157,0.684727954,0.900191648,0.922056775,0.235476238,0.883892213,0.923958058,0.905607259,0.432396991,0.892295547,0.928196959,0.8252506,0.432437353,0.909907438,0.938567712,0.905419223,0.991343556,0.949147111,0.624337244,0.180838323,0.932330716,0.940317087,0.913554682,0.814096314,0.920581132,0.906943874,0.887190474,0.771929378,0.839635463,0.941332051,0.636685089,0.849266222,0.911481421,0.928734981,0.917299261,0.939795933,0.90842362,0.87422994,0.926776372,0.828796533,0.911351677
